# Partition Function for HCl isotopologue 2: H^37Cl
# Temperature range: 160-320 K
#T,K     Q(T)
160 88.15129
161 88.68551
162 89.21974
163 89.75398
164 90.28823
165 90.82250
166 91.35677
167 91.89106
168 92.42535
169 92.95966
170 93.49398
171 94.02831
172 94.56265
173 95.09700
174 95.63136
175 96.16573
176 96.70011
177 97.23451
178 97.76891
179 98.30332
180 98.83774
181 99.37218
182 99.90662
183 100.44107
184 100.97554
185 101.51001
186 102.04449
187 102.57898
188 103.11349
189 103.64800
190 104.18252
191 104.71705
192 105.25159
193 105.78614
194 106.32070
195 106.85527
196 107.38985
197 107.92444
198 108.45904
199 108.99365
200 109.52826
201 110.06289
202 110.59753
203 111.13217
204 111.66682
205 112.20149
206 112.73616
207 113.27084
208 113.80553
209 114.34023
210 114.87494
211 115.40966
212 115.94439
213 116.47912
214 117.01387
215 117.54862
216 118.08339
217 118.61816
218 119.15294
219 119.68773
220 120.22253
221 120.75733
222 121.29215
223 121.82697
224 122.36181
225 122.89665
226 123.43150
227 123.96636
228 124.50123
229 125.03611
230 125.57099
231 126.10589
232 126.64079
233 127.17570
234 127.71062
235 128.24555
236 128.78049
237 129.31543
238 129.85039
239 130.38535
240 130.92032
241 131.45530
242 131.99029
243 132.52529
244 133.06029
245 133.59531
246 134.13033
247 134.66536
248 135.20040
249 135.73545
250 136.27050
251 136.80556
252 137.34064
253 137.87572
254 138.41081
255 138.94590
256 139.48101
257 140.01612
258 140.55125
259 141.08638
260 141.62151
261 142.15666
262 142.69182
263 143.22698
264 143.76215
265 144.29733
266 144.83252
267 145.36772
268 145.90292
269 146.43813
270 146.97336
271 147.50859
272 148.04382
273 148.57907
274 149.11432
275 149.64958
276 150.18485
277 150.72013
278 151.25542
279 151.79072
280 152.32602
281 152.86133
282 153.39665
283 153.93198
284 154.46731
285 155.00266
286 155.53801
287 156.07337
288 156.60874
289 157.14411
290 157.67950
291 158.21489
292 158.75029
293 159.28570
294 159.82112
295 160.35655
296 160.89198
297 161.42742
298 161.96287
299 162.49833
300 163.03380
301 163.56927
302 164.10476
303 164.64025
304 165.17575
305 165.71126
306 166.24677
307 166.78230
308 167.31783
309 167.85337
310 168.38892
311 168.92448
312 169.46005
313 169.99562
314 170.53121
315 171.06680
316 171.60240
317 172.13800
318 172.67362
319 173.20925
320 173.74488
