# Partition Function for H2O isotopologue 6: HD^{17}O
# Temperature range: 160-320 K
#T,K     Q(T)
160 2085.67360
161 2105.05555
162 2124.49801
163 2144.00081
164 2163.56378
165 2183.18675
166 2202.86956
167 2222.61204
168 2242.41403
169 2262.27538
170 2282.19592
171 2302.17550
172 2322.21397
173 2342.31116
174 2362.46693
175 2382.68113
176 2402.95361
177 2423.28422
178 2443.67282
179 2464.11926
180 2484.62341
181 2505.18511
182 2525.80424
183 2546.48064
184 2567.21420
185 2588.00476
186 2608.85220
187 2629.75639
188 2650.71719
189 2671.73448
190 2692.80812
191 2713.93799
192 2735.12397
193 2756.36593
194 2777.66374
195 2799.01729
196 2820.42646
197 2841.89113
198 2863.41118
199 2884.98649
200 2906.61695
201 2928.30245
202 2950.04287
203 2971.83811
204 2993.68805
205 3015.59258
206 3037.55160
207 3059.56500
208 3081.63268
209 3103.75453
210 3125.93046
211 3148.16035
212 3170.44411
213 3192.78164
214 3215.17285
215 3237.61763
216 3260.11589
217 3282.66754
218 3305.27249
219 3327.93063
220 3350.64189
221 3373.40618
222 3396.22339
223 3419.09345
224 3442.01628
225 3464.99178
226 3488.01987
227 3511.10047
228 3534.23349
229 3557.41887
230 3580.65651
231 3603.94634
232 3627.28828
233 3650.68225
234 3674.12819
235 3697.62601
236 3721.17564
237 3744.77701
238 3768.43006
239 3792.13470
240 3815.89087
241 3839.69850
242 3863.55754
243 3887.46790
244 3911.42952
245 3935.44235
246 3959.50631
247 3983.62135
248 4007.78741
249 4032.00442
250 4056.27233
251 4080.59108
252 4104.96061
253 4129.38086
254 4153.85179
255 4178.37334
256 4202.94544
257 4227.56806
258 4252.24114
259 4276.96463
260 4301.73849
261 4326.56265
262 4351.43708
263 4376.36173
264 4401.33655
265 4426.36150
266 4451.43653
267 4476.56161
268 4501.73668
269 4526.96171
270 4552.23667
271 4577.56149
272 4602.93616
273 4628.36064
274 4653.83487
275 4679.35884
276 4704.93250
277 4730.55583
278 4756.22878
279 4781.95132
280 4807.72343
281 4833.54507
282 4859.41621
283 4885.33682
284 4911.30688
285 4937.32635
286 4963.39522
287 4989.51344
288 5015.68101
289 5041.89789
290 5068.16406
291 5094.47949
292 5120.84417
293 5147.25808
294 5173.72119
295 5200.23348
296 5226.79494
297 5253.40554
298 5280.06527
299 5306.77411
300 5333.53205
301 5360.33906
302 5387.19514
303 5414.10028
304 5441.05445
305 5468.05764
306 5495.10985
307 5522.21106
308 5549.36127
309 5576.56045
310 5603.80861
311 5631.10573
312 5658.45181
313 5685.84683
314 5713.29081
315 5740.78371
316 5768.32555
317 5795.91632
318 5823.55601
319 5851.24463
320 5878.98216
