# Partition Function for HCl isotopologue 4: D^{37}Cl
# Temperature range: 160-320 K
#T,K     Q(T)
160 252.50932
161 254.06369
162 255.61809
163 257.17251
164 258.72695
165 260.28142
166 261.83591
167 263.39043
168 264.94497
169 266.49953
170 268.05412
171 269.60873
172 271.16337
173 272.71802
174 274.27270
175 275.82741
176 277.38214
177 278.93689
178 280.49166
179 282.04646
180 283.60128
181 285.15613
182 286.71099
183 288.26588
184 289.82080
185 291.37574
186 292.93070
187 294.48568
188 296.04068
189 297.59571
190 299.15077
191 300.70584
192 302.26094
193 303.81606
194 305.37121
195 306.92638
196 308.48157
197 310.03678
198 311.59202
199 313.14728
200 314.70256
201 316.25787
202 317.81319
203 319.36855
204 320.92392
205 322.47932
206 324.03474
207 325.59019
208 327.14565
209 328.70115
210 330.25666
211 331.81220
212 333.36776
213 334.92334
214 336.47895
215 338.03458
216 339.59023
217 341.14591
218 342.70161
219 344.25734
220 345.81309
221 347.36886
222 348.92466
223 350.48048
224 352.03632
225 353.59219
226 355.14808
227 356.70400
228 358.25994
229 359.81590
230 361.37189
231 362.92791
232 364.48394
233 366.04001
234 367.59610
235 369.15221
236 370.70835
237 372.26451
238 373.82070
239 375.37691
240 376.93315
241 378.48942
242 380.04571
243 381.60202
244 383.15837
245 384.71474
246 386.27113
247 387.82756
248 389.38401
249 390.94048
250 392.49699
251 394.05352
252 395.61007
253 397.16666
254 398.72328
255 400.27992
256 401.83659
257 403.39329
258 404.95002
259 406.50677
260 408.06356
261 409.62038
262 411.17722
263 412.73410
264 414.29101
265 415.84794
266 417.40491
267 418.96191
268 420.51894
269 422.07600
270 423.63310
271 425.19023
272 426.74739
273 428.30458
274 429.86181
275 431.41907
276 432.97636
277 434.53369
278 436.09105
279 437.64845
280 439.20589
281 440.76336
282 442.32086
283 443.87841
284 445.43599
285 446.99361
286 448.55126
287 450.10896
288 451.66669
289 453.22446
290 454.78228
291 456.34013
292 457.89802
293 459.45596
294 461.01394
295 462.57196
296 464.13002
297 465.68812
298 467.24627
299 468.80446
300 470.36270
301 471.92099
302 473.47932
303 475.03769
304 476.59612
305 478.15459
306 479.71311
307 481.27167
308 482.83029
309 484.38896
310 485.94768
311 487.50645
312 489.06527
313 490.62414
314 492.18307
315 493.74205
316 495.30109
317 496.86018
318 498.41933
319 499.97854
320 501.53780
