# Partition Function for H2CO isotopologue 1: H_{2}^{12}C^{16}O
# Temperature range: 160-320 K
#T,K     Q(T)
160 1123.47713
161 1134.01440
162 1144.58476
163 1155.18811
164 1165.82439
165 1176.49349
166 1187.19535
167 1197.92987
168 1208.69699
169 1219.49663
170 1230.32870
171 1241.19314
172 1252.08987
173 1263.01882
174 1273.97992
175 1284.97310
176 1295.99829
177 1307.05544
178 1318.14446
179 1329.26531
180 1340.41792
181 1351.60223
182 1362.81818
183 1374.06571
184 1385.34477
185 1396.65531
186 1407.99726
187 1419.37059
188 1430.77524
189 1442.21116
190 1453.67830
191 1465.17663
192 1476.70609
193 1488.26664
194 1499.85824
195 1511.48086
196 1523.13445
197 1534.81897
198 1546.53440
199 1558.28070
200 1570.05783
201 1581.86576
202 1593.70447
203 1605.57392
204 1617.47409
205 1629.40496
206 1641.36649
207 1653.35868
208 1665.38149
209 1677.43490
210 1689.51891
211 1701.63348
212 1713.77862
213 1725.95429
214 1738.16050
215 1750.39722
216 1762.66445
217 1774.96219
218 1787.29042
219 1799.64914
220 1812.03834
221 1824.45802
222 1836.90819
223 1849.38884
224 1861.89997
225 1874.44158
226 1887.01369
227 1899.61629
228 1912.24940
229 1924.91301
230 1937.60715
231 1950.33182
232 1963.08704
233 1975.87282
234 1988.68917
235 2001.53611
236 2014.41367
237 2027.32185
238 2040.26068
239 2053.23018
240 2066.23038
241 2079.26130
242 2092.32296
243 2105.41540
244 2118.53864
245 2131.69272
246 2144.87765
247 2158.09348
248 2171.34025
249 2184.61797
250 2197.92670
251 2211.26647
252 2224.63732
253 2238.03928
254 2251.47240
255 2264.93673
256 2278.43231
257 2291.95917
258 2305.51738
259 2319.10697
260 2332.72799
261 2346.38050
262 2360.06455
263 2373.78019
264 2387.52747
265 2401.30644
266 2415.11718
267 2428.95972
268 2442.83413
269 2456.74047
270 2470.67880
271 2484.64919
272 2498.65169
273 2512.68637
274 2526.75329
275 2540.85252
276 2554.98414
277 2569.14820
278 2583.34478
279 2597.57394
280 2611.83577
281 2626.13033
282 2640.45770
283 2654.81795
284 2669.21116
285 2683.63741
286 2698.09677
287 2712.58933
288 2727.11516
289 2741.67435
290 2756.26698
291 2770.89313
292 2785.55288
293 2800.24633
294 2814.97356
295 2829.73466
296 2844.52972
297 2859.35881
298 2874.22205
299 2889.11951
300 2904.05130
301 2919.01749
302 2934.01820
303 2949.05350
304 2964.12351
305 2979.22831
306 2994.36801
307 3009.54271
308 3024.75249
309 3039.99747
310 3055.27775
311 3070.59343
312 3085.94461
313 3101.33139
314 3116.75389
315 3132.21221
316 3147.70646
317 3163.23673
318 3178.80315
319 3194.40582
320 3210.04486
