# Partition Function for CO2 isotopologue 3: ^{16}O^{12}C^{18}O
# Temperature range: 160-320 K
#T,K     Q(T)
160 303.99586
161 305.95388
162 307.91416
163 309.87675
164 311.84167
165 313.80898
166 315.77871
167 317.75092
168 319.72564
169 321.70292
170 323.68280
171 325.66532
172 327.65053
173 329.63848
174 331.62919
175 333.62272
176 335.61911
177 337.61840
178 339.62064
179 341.62586
180 343.63412
181 345.64545
182 347.65990
183 349.67751
184 351.69833
185 353.72239
186 355.74974
187 357.78042
188 359.81447
189 361.85194
190 363.89287
191 365.93730
192 367.98527
193 370.03683
194 372.09202
195 374.15087
196 376.21344
197 378.27975
198 380.34986
199 382.42381
200 384.50163
201 386.58337
202 388.66907
203 390.75876
204 392.85250
205 394.95032
206 397.05226
207 399.15836
208 401.26866
209 403.38321
210 405.50204
211 407.62519
212 409.75270
213 411.88461
214 414.02097
215 416.16180
216 418.30716
217 420.45707
218 422.61158
219 424.77072
220 426.93454
221 429.10308
222 431.27636
223 433.45444
224 435.63734
225 437.82511
226 440.01779
227 442.21540
228 444.41800
229 446.62561
230 448.83827
231 451.05602
232 453.27891
233 455.50695
234 457.74020
235 459.97869
236 462.22245
237 464.47152
238 466.72594
239 468.98574
240 471.25096
241 473.52163
242 475.79780
243 478.07949
244 480.36674
245 482.65959
246 484.95807
247 487.26222
248 489.57207
249 491.88766
250 494.20902
251 496.53618
252 498.86918
253 501.20806
254 503.55285
255 505.90358
256 508.26029
257 510.62301
258 512.99178
259 515.36662
260 517.74757
261 520.13468
262 522.52795
263 524.92745
264 527.33318
265 529.74520
266 532.16353
267 534.58820
268 537.01924
269 539.45670
270 541.90060
271 544.35097
272 546.80786
273 549.27127
274 551.74127
275 554.21786
276 556.70109
277 559.19099
278 561.68759
279 564.19091
280 566.70100
281 569.21789
282 571.74160
283 574.27217
284 576.80962
285 579.35400
286 581.90533
287 584.46364
288 587.02896
289 589.60132
290 592.18077
291 594.76731
292 597.36100
293 599.96185
294 602.56990
295 605.18518
296 607.80771
297 610.43754
298 613.07469
299 615.71918
300 618.37106
301 621.03035
302 623.69707
303 626.37127
304 629.05297
305 631.74220
306 634.43899
307 637.14337
308 639.85538
309 642.57503
310 645.30236
311 648.03740
312 650.78018
313 653.53073
314 656.28908
315 659.05525
316 661.82929
317 664.61121
318 667.40104
319 670.19882
320 673.00457
