# Partition Function for CO2 isotopologue 2: ^13C^16O2
# Temperature range: 160-320 K
#T,K     Q(T)
160 287.03188
161 288.88664
162 290.74372
163 292.60314
164 294.46496
165 296.32922
166 298.19595
167 300.06521
168 301.93703
169 303.81145
170 305.68853
171 307.56829
172 309.45078
173 311.33605
174 313.22413
175 315.11507
176 317.00892
177 318.90570
178 320.80547
179 322.70826
180 324.61412
181 326.52308
182 328.43520
183 330.35050
184 332.26904
185 334.19086
186 336.11599
187 338.04447
188 339.97635
189 341.91167
190 343.85046
191 345.79278
192 347.73865
193 349.68813
194 351.64124
195 353.59804
196 355.55855
197 357.52282
198 359.49090
199 361.46281
200 363.43860
201 365.41831
202 367.40197
203 369.38963
204 371.38133
205 373.37709
206 375.37698
207 377.38101
208 379.38923
209 381.40167
210 383.41838
211 385.43940
212 387.46475
213 389.49448
214 391.52863
215 393.56723
216 395.61032
217 397.65794
218 399.71012
219 401.76690
220 403.82831
221 405.89441
222 407.96521
223 410.04075
224 412.12108
225 414.20622
226 416.29622
227 418.39111
228 420.49091
229 422.59568
230 424.70545
231 426.82024
232 428.94010
233 431.06505
234 433.19514
235 435.33040
236 437.47085
237 439.61655
238 441.76751
239 443.92378
240 446.08539
241 448.25237
242 450.42475
243 452.60257
244 454.78586
245 456.97466
246 459.16900
247 461.36890
248 463.57441
249 465.78556
250 468.00237
251 470.22488
252 472.45313
253 474.68714
254 476.92696
255 479.17260
256 481.42410
257 483.68149
258 485.94481
259 488.21408
260 490.48935
261 492.77063
262 495.05796
263 497.35137
264 499.65089
265 501.95656
266 504.26840
267 506.58645
268 508.91073
269 511.24128
270 513.57812
271 515.92129
272 518.27082
273 520.62673
274 522.98906
275 525.35784
276 527.73310
277 530.11486
278 532.50316
279 534.89803
280 537.29949
281 539.70757
282 542.12232
283 544.54374
284 546.97188
285 549.40677
286 551.84842
287 554.29688
288 556.75216
289 559.21431
290 561.68335
291 564.15930
292 566.64219
293 569.13206
294 571.62894
295 574.13284
296 576.64381
297 579.16187
298 581.68704
299 584.21935
300 586.75885
301 589.30554
302 591.85946
303 594.42065
304 596.98911
305 599.56490
306 602.14802
307 604.73852
308 607.33642
309 609.94174
310 612.55452
311 615.17477
312 617.80254
313 620.43785
314 623.08072
315 625.73118
316 628.38927
317 631.05500
318 633.72841
319 636.40952
320 639.09836
