# Partition Function for N2O isotopologue 5: ^{14}N_{2}^{17}O
# Temperature range: 160-320 K
#T,K     Q(T)
160 14964.71200
161 15063.48200
162 15162.42800
163 15261.55300
164 15360.85900
165 15460.34800
166 15560.02400
167 15659.88900
168 15759.94500
169 15860.19600
170 15960.64300
171 16061.28900
172 16162.13800
173 16263.19000
174 16364.45000
175 16465.91900
176 16567.60100
177 16669.49700
178 16771.60900
179 16873.94200
180 16976.49600
181 17079.27500
182 17182.28100
183 17285.51700
184 17388.98400
185 17492.68600
186 17596.62500
187 17700.80200
188 17805.22200
189 17909.88500
190 18014.79500
191 18119.95300
192 18225.36300
193 18331.02600
194 18436.94500
195 18543.12200
196 18649.56000
197 18756.26000
198 18863.22500
199 18970.45800
200 19077.96100
201 19185.73500
202 19293.78300
203 19402.10800
204 19510.71200
205 19619.59600
206 19728.76400
207 19838.21700
208 19947.95700
209 20057.98700
210 20168.30900
211 20278.92500
212 20389.83700
213 20501.04700
214 20612.55800
215 20724.37100
216 20836.48900
217 20948.91400
218 21061.64800
219 21174.69300
220 21288.05000
221 21401.72300
222 21515.71300
223 21630.02200
224 21744.65300
225 21859.60600
226 21974.88500
227 22090.49200
228 22206.42700
229 22322.69500
230 22439.29500
231 22556.23100
232 22673.50400
233 22791.11600
234 22909.06900
235 23027.36600
236 23146.00700
237 23264.99600
238 23384.33400
239 23504.02200
240 23624.06400
241 23744.46000
242 23865.21200
243 23986.32300
244 24107.79500
245 24229.62900
246 24351.82700
247 24474.39000
248 24597.32200
249 24720.62400
250 24844.29700
251 24968.34300
252 25092.76500
253 25217.56400
254 25342.74100
255 25468.30000
256 25594.24000
257 25720.56600
258 25847.27700
259 25974.37600
260 26101.86600
261 26229.74600
262 26358.02000
263 26486.68900
264 26615.75500
265 26745.21900
266 26875.08400
267 27005.35100
268 27136.02200
269 27267.09900
270 27398.58300
271 27530.47600
272 27662.78000
273 27795.49700
274 27928.62800
275 28062.17500
276 28196.14000
277 28330.52500
278 28465.33100
279 28600.56000
280 28736.21300
281 28872.29300
282 29008.80100
283 29145.73900
284 29283.10900
285 29420.91100
286 29559.14900
287 29697.82300
288 29836.93500
289 29976.48700
290 30116.48100
291 30256.91900
292 30397.80100
293 30539.13000
294 30680.90800
295 30823.13500
296 30965.81400
297 31108.94700
298 31252.53400
299 31396.57900
300 31541.08100
301 31686.04400
302 31831.46900
303 31977.35600
304 32123.70900
305 32270.52900
306 32417.81600
307 32565.57400
308 32713.80300
309 32862.50600
310 33011.68400
311 33161.33800
312 33311.47000
313 33462.08200
314 33613.17600
315 33764.75300
316 33916.81500
317 34069.36300
318 34222.39900
319 34375.92500
320 34529.94200
